4294967278,417
4294967278,239
4294967279,346
4294967278,237
4294967279,236
4294967278,385
4294967278,13
4294967278,12
4294967278,10
4294967278,9
4294967278,8
4294967278,7
4294967278,6
4294967278,5
4294967278,4
4294967279,132
4294967279,131
4294967279,130
4294967279,129
4294967279,128
4294967279,127
4294967279,126
4294967279,125
4294967279,124
4294967279,123
4294967279,122
4294967279,121
4294967279,120
4294967279,119
4294967279,118
4294967279,117
4294967279,116
4294967279,115
4294967279,114
4294967279,113
4294967279,232
4294967279,109
4294967279,108
4294967279,107
4294967279,106
4294967279,105
4294967279,104
4294967279,103
4294967279,102
4294967279,101
4294967279,94
4294967279,92
4294967279,91
4294967279,89
4294967279,235
4294967279,112
4294967279,111
4294967279,110
4294967278,226
4294967279,223
4294967279,221
4294967279,217
4294967279,215
4294967279,307
4294967279,212
4294967278,210
4294967278,209
4294967278,208
4294967279,568
4294967279,207
4294967279,306
4294967278,255
4294967278,313
4294967279,304
4294967279,199
4294967278,416
4294967279,321
4294967278,199
219,6
4294967278,405
4294967278,195
4294967278,415
4294967279,340
4294967279,193
4294967279,189
219,5
4294967278,190
219,4
4294967279,190
219,3
219,2
219,1
4294967279,188
4294967279,187
4294967294,473
4294967294,1414
4294967294,528
4294967294,996
4294967294,1015
4294967294,1003
4294967294,1011
4294967294,193
4294967278,399
4294967279,566
4294967278,370
4294967279,322
4294967279,352
4294967279,180
4294967279,351
4294967278,179
4294967279,294
4294967278,356
4294967279,173
217,7
217,6
217,5
217,4
217,3
217,2
217,1
4294967279,332
4294967279,547
4294967278,354
4294967279,337
4294967278,301
4294967278,167
4294967279,166
4294967279,165
4294967278,163
4294967278,353
4294967278,300
4294967279,517
4294967278,352
4294967278,297
4294967279,329
4294967278,299
4294967294,1421
4294967278,157
4294967279,154
4294967278,152
4294967278,296
4294967279,150
4294967279,149
4294967279,148
4294967278,147
4294967278,414
4294967279,536
4294967279,335
4294967278,146
213,6
4294967294,406
4294967294,183
4294967294,148
4294967294,415
4294967294,457
4294967294,111
4294967294,411
4294967294,160
4294967294,189
4294967278,143
4294967279,535
4294967278,293
4294967278,413
213,5
4294967279,141
4294967278,291
4294967278,138
4294967278,135
4294967279,136
213,4
4294967278,136
213,3
213,2
213,1
4294967278,134
4294967279,133
4294967278,133
4294967279,271
4294967279,269
4294967278,288
4294967278,275
4294967279,277
4294967278,270
4294967279,265
4294967278,271
4294967279,264
4294967278,268
4294967278,267
4294967279,262
4294967279,258
4294967278,281
211,6
4294967279,261
211,5
4294967278,265
211,4
4294967278,375
4294967278,245
4294967278,386
4294967278,393
4294967278,61
4294967278,60
4294967278,59
4294967278,58
4294967278,57
4294967278,56
4294967278,55
4294967278,53
4294967278,51
4294967278,50
4294967278,49
4294967278,48
4294967278,47
4294967278,46
4294967278,45
4294967278,44
4294967278,43
4294967278,42
4294967278,41
4294967278,40
4294967278,349
4294967278,39
4294967278,38
4294967278,37
4294967278,36
4294967278,35
4294967278,34
4294967278,33
4294967278,32
4294967278,31
4294967278,344
4294967278,30
4294967278,29
4294967278,28
4294967278,27
4294967278,26
4294967278,25
4294967278,24
4294967278,23
4294967278,22
4294967278,21
4294967278,20
4294967278,19
4294967278,18
4294967278,17
4294967278,16
4294967278,283
4294967278,15
4294967278,14
4294967278,11
4294967278,266
4294967279,343
4294967279,174
4294967279,84
4294967279,82
4294967279,80
4294967279,79
4294967279,77
4294967279,75
4294967279,74
4294967279,73
4294967279,72
4294967279,70
4294967279,69
4294967279,67
4294967279,64
4294967279,61
4294967279,60
4294967279,59
4294967279,57
4294967279,56
4294967279,54
4294967279,53
4294967279,49
4294967279,48
4294967279,44
4294967279,43
4294967279,42
4294967279,36
4294967279,33
4294967279,31
4294967279,28
4294967279,27
4294967279,26
4294967279,25
4294967279,23
4294967279,22
4294967279,21
4294967279,20
4294967279,260
4294967279,12
211,3
211,2
211,1
4294967279,531
4294967279,331
4294967278,263
4294967279,274
4294967278,412
4294967279,562
4294967278,397
4294967278,258
4294967279,318
4294967279,319
4294967278,308
4294967278,383
4294967278,322
4294967278,363
4294967278,319
4294967278,250
4294967278,251
4294967278,248
4294967278,246
4294967278,247
4294967279,245
4294967279,342
4294967278,244
4294967279,241
4294967278,240
4294967278,236
4294967279,239
208,6
4294967278,238
208,5
208,4
208,3
208,2
208,1
4294967278,225
4294967278,228
4294967279,350
4294967278,396
4294967278,224
4294967278,216
4294967278,220
4294967278,218
4294967278,217
4294967278,214
4294967278,213
4294967279,575
4294967278,212
4294967278,211
4294967278,372
4294967279,328
4294967278,411
4294967279,333
4294967278,394
4294967278,207
4294967294,1006
4294967294,1012
4294967294,419
4294967294,1001
4294967294,195
4294967278,401
4294967278,205
4294967278,204
4294967278,203
205,7
205,6
205,5
205,4
205,3
205,2
205,1
4294967294,1419
4294967279,520
4294967278,400
4294967279,529
4294967279,198
4294967279,552
4294967278,196
4294967279,323
4294967279,195
4294967278,193
4294967278,339
4294967278,192
4294967279,192
4294967279,191
4294967279,526
4294967279,299
4294967278,305
4294967279,571
4294967279,298
4294967278,187
4294967278,337
4294967279,525
4294967278,186
4294967294,1420
4294967294,198
4294967278,379
4294967279,570
4294967278,182
