4294967279,253
4294967279,112
4294967279,111
4294967279,110
4294967279,109
4294967279,108
4294967279,107
4294967278,331
4294967278,35
4294967278,34
4294967278,33
4294967278,32
4294967278,31
4294967278,30
4294967278,29
4294967278,28
4294967278,27
4294967278,26
4294967278,25
4294967278,24
4294967278,23
4294967278,22
4294967278,21
4294967278,20
4294967278,19
4294967278,18
4294967278,17
4294967278,16
4294967278,15
4294967278,14
4294967278,13
4294967278,12
4294967278,11
4294967278,10
4294967278,9
4294967278,8
4294967278,7
4294967278,6
4294967278,5
4294967278,4
4294967279,132
4294967279,131
4294967279,130
4294967279,129
4294967279,128
4294967279,127
4294967279,125
4294967279,124
4294967279,123
4294967279,122
4294967279,121
4294967279,120
4294967279,119
4294967279,118
4294967279,117
4294967279,116
4294967279,115
4294967279,114
4294967279,113
4294967279,126
4294967279,543
4294967294,30
4294967294,61
4294967294,12
4294967294,11
4294967294,68
4294967278,132
4294967278,131
4294967278,130
4294967278,128
4294967278,127
4294967278,392
4294967278,126
4294967278,125
4294967278,124
4294967278,123
4294967278,122
4294967278,121
4294967278,120
4294967278,119
4294967278,118
4294967278,117
4294967278,116
4294967278,114
4294967278,113
4294967278,112
4294967278,111
4294967278,110
4294967278,109
4294967278,108
4294967278,428
4294967278,107
4294967278,103
4294967278,102
4294967278,101
4294967278,100
4294967278,99
4294967278,98
4294967278,97
4294967278,96
4294967278,95
4294967278,94
4294967278,93
4294967278,92
4294967278,89
4294967278,87
4294967278,85
4294967278,84
4294967278,83
4294967278,82
4294967278,81
4294967278,77
4294967278,76
4294967278,75
4294967278,74
4294967278,73
4294967278,72
4294967278,71
4294967278,70
4294967278,69
4294967278,347
4294967278,67
4294967278,66
4294967278,65
4294967278,64
4294967278,63
4294967278,62
4294967278,61
4294967278,60
4294967278,59
4294967278,58
4294967278,57
4294967278,56
4294967278,55
4294967278,54
4294967278,53
4294967278,52
4294967278,51
4294967278,50
4294967278,49
4294967278,48
4294967278,47
4294967278,46
4294967278,45
4294967278,44
4294967278,43
4294967278,42
4294967278,41
4294967278,260
4294967278,40
4294967278,39
4294967278,38
4294967278,37
4294967278,36
4294967278,0
4294967279,174
4294967279,86
4294967279,85
4294967279,84
4294967279,83
4294967279,82
4294967279,81
4294967279,80
4294967279,79
4294967279,78
4294967279,77
4294967279,76
4294967279,75
4294967279,74
4294967279,73
4294967279,72
4294967279,71
4294967279,70
4294967279,67
4294967279,66
4294967279,65
4294967279,64
4294967279,63
4294967279,62
4294967279,61
4294967279,60
4294967279,59
4294967279,58
4294967279,57
4294967279,56
4294967279,55
4294967279,54
4294967279,53
4294967279,52
4294967279,51
4294967279,50
4294967279,49
4294967279,48
4294967279,47
4294967279,46
4294967279,45
4294967279,44
4294967279,43
4294967279,42
4294967279,41
4294967279,40
4294967279,39
4294967279,38
4294967279,37
4294967279,36
4294967279,35
4294967279,34
4294967279,33
4294967279,32
4294967279,31
4294967279,30
4294967279,29
4294967279,28
4294967279,26
4294967279,25
4294967279,24
4294967279,23
4294967279,22
4294967279,21
4294967279,20
4294967279,19
4294967279,18
4294967279,17
4294967279,16
4294967279,15
4294967279,14
4294967279,13
4294967279,12
4294967279,10
4294967279,9
4294967279,8
4294967279,7
4294967279,6
4294967279,5
4294967279,4
4294967278,237
4294967278,236
4294967278,228
4294967279,227
4294967278,226
4294967279,225
4294967279,219
4294967279,316
4294967278,216
4294967279,252
4294967279,319
4294967278,395
576,2
4294967278,206
748,6
4294967278,402
4294967279,572
4294967278,362
4294967278,86
4294967278,199
4294967278,196
4294967278,198
748,5
4294967279,198
748,4
4294967278,197
748,3
748,2
748,1
4294967278,194
4294967279,327
4294967294,473
4294967278,446
4294967278,368
746,7
746,6
746,5
746,4
746,3
746,2
746,1
4294967278,367
4294967279,224
4294967279,179
4294967278,176
4294967278,175
4294967279,173
4294967279,535
4294967279,523
4294967279,160
4294967279,162
4294967278,161
4294967279,161
4294967279,159
4294967278,158
4294967279,158
4294967278,157
4294967278,445
4294967279,157
4294967278,156
4294967279,155
4294967279,554
4294967279,153
742,6
4294967278,152
4294967279,534
742,5
4294967279,222
4294967279,144
4294967279,142
4294967278,144
742,4
4294967279,143
742,3
742,2
742,1
4294967279,556
4294967278,143
4294967278,384
4294967294,1413
4294967294,917
4294967294,908
4294967294,391
4294967278,139
4294967279,270
740,6
740,5
740,4
740,3
740,2
740,1
4294967279,264
4294967279,261
4294967278,359
4294967278,262
4294967279,257
4294967278,285
4294967278,261
4294967279,522
4294967294,190
4294967294,454
4294967279,519
4294967278,330
4294967278,329
4294967278,254
4294967279,542
737,6
737,5
737,4
737,3
737,2
737,1
4294967279,246
4294967278,244
4294967278,242
4294967279,237
4294967279,236
4294967279,231
4294967278,234
4294967279,233
4294967279,229
4294967278,224
4294967278,394
4294967279,242
4294967279,215
4294967294,114
4294967278,426
4294967278,213
4294967279,240
4294967278,299
4294967279,211
734,7
734,6
734,5
734,4
734,3
734,2
734,1
4294967279,238
4294967279,553
4294967278,443
4294967278,389
4294967279,202
4294967279,201
4294967279,558
4294967279,27
4294967294,1419
4294967279,195
4294967278,190
4294967279,185
730,4
730,3
730,2
730,1
4294967294,188
4294967294,909
4294967294,965
4294967278,180
4294967278,179
4294967278,178
729,4
729,3
729,2
729,1
728,6
4294967278,223
728,5
4294967278,168
728,4
728,3
728,2
728,1
4294967278,167
4294967279,297
4294967278,164
727,5
4294967279,163
727,4
727,3
727,2
727,1
4294967279,230
4294967278,437
726,5
726,4
726,3
726,2
726,1
4294967278,303
4294967279,226
4294967278,432
4294967294,396
4294967294,948
4294967294,912
4294967294,462
4294967294,459
4294967294,384
4294967294,115
4294967278,215
725,5
725,4
725,3
725,2
725,1
4294967279,220
4294967294,470
4294967279,214
4294967278,317
4294967278,306
4294967294,50
4294967278,305
4294967279,263
4294967278,271
4294967278,304
4294967279,289
4294967279,323
4294967278,397
4294967279,517
4294967294,22
4294967279,548
4294967278,239
4294967294,81
4294967294,962
4294967294,528
4294967294,961
4294967294,964
4294967294,913
4294967278,441
4294967279,329
4294967278,440
4294967279,335
4294967278,302
4294967278,378
4294967279,362
4294967279,243
4294967279,281
